Time,Latitude,Longitude,counts
1746055975.97,0,0,0.5166666666666667
1746056035.9,0,0,0.43333333333333335
1746056096.04,0,0,0.4666666666666667
1746056156.02,0,0,0.36666666666666664
1746056215.97,0,0,0.4166666666666667
1746056276.17,0,0,0.4
1746056335.97,0,0,0.43333333333333335
1746056395.97,0,0,0.36666666666666664
1746056456.02,0,0,0.35
1746056515.99,0,0,0.5
1746056576.1,0,0,0.5166666666666667
1746056636.02,0,0,0.38333333333333336
1746056695.92,0,0,0.43333333333333335
1746056755.92,0,0,0.31666666666666665
1746056815.95,0,0,0.4166666666666667
1746056876.03,0,0,0.4666666666666667
1746056935.9,0,0,0.36666666666666664
1746056996.04,0,0,0.5
1746057055.9,0,0,0.4
1746057115.99,0,0,0.31666666666666665
1746057176.04,0,0,0.35
1746057235.91,0,0,0.45
1746057295.98,0,0,0.43333333333333335
1746057356.01,0,0,0.45
1746057415.99,0,0,0.45
1746057475.9,0,0,0.36666666666666664
1746057535.96,0,0,0.5666666666666667
1746057595.98,0,0,0.4666666666666667
1746057655.99,0,0,0.4
1746057716.06,0,0,0.45
1746057775.93,0,0,0.43333333333333335
1746057835.94,0,0,0.4166666666666667
1746057896.02,0,0,0.35
1746057955.97,0,0,0.4666666666666667
1746058016.09,0,0,0.4
1746058075.89,0,0,0.36666666666666664
1746058135.37,0,0,0.36666666666666664
1746058195.38,0,0,0.36666666666666664
1746058255.37,0,0,0.36666666666666664
1746058315.37,0,0,0.36666666666666664
1746058375.37,0,0,0.36666666666666664
1746058435.37,0,0,0.36666666666666664
1746058495.37,0,0,0.36666666666666664
1746058555.37,0,0,0.36666666666666664
1746058615.37,0,0,0.36666666666666664
1746058675.38,0,0,0.36666666666666664
1746058735.38,0,0,0.36666666666666664
1746058795.37,0,0,0.36666666666666664
1746058855.32,0,0,0.36666666666666664
1746058915.33,0,0,0.36666666666666664
1746058975.31,0,0,0.36666666666666664
1746059035.32,0,0,0.36666666666666664
1746059095.37,0,0,0.36666666666666664
1746059155.32,0,0,0.36666666666666664
1746059215.37,0,0,0.36666666666666664
1746059275.33,0,0,0.36666666666666664
1746059335.35,0,0,0.36666666666666664
1746059395.32,0,0,0.36666666666666664
1746059455.31,0,0,0.36666666666666664
1746059515.33,0,0,0.36666666666666664
1746059575.32,0,0,0.36666666666666664
1746059635.31,0,0,0.36666666666666664
1746059695.31,0,0,0.36666666666666664
1746059755.32,0,0,0.36666666666666664
1746059815.32,0,0,0.36666666666666664
1746059875.32,0,0,0.36666666666666664
1746059935.37,0,0,0.36666666666666664
1746059995.33,0,0,0.36666666666666664
1746060055.31,0,0,0.36666666666666664
1746060115.35,0,0,0.36666666666666664
1746060175.32,0,0,0.36666666666666664
1746060235.33,0,0,0.36666666666666664
1746060295.37,0,0,0.36666666666666664
1746060355.32,0,0,0.36666666666666664
1746060415.33,0,0,0.36666666666666664
1746060475.33,0,0,0.36666666666666664
1746060535.32,0,0,0.36666666666666664
1746060595.31,0,0,0.36666666666666664
1746060655.38,0,0,0.36666666666666664
1746060715.32,0,0,0.36666666666666664
1746060775.32,0,0,0.36666666666666664
1746060835.37,0,0,0.36666666666666664
1746060895.32,0,0,0.36666666666666664
1746060955.32,0,0,0.36666666666666664
1746061015.33,0,0,0.36666666666666664
1746061075.31,0,0,0.36666666666666664
1746061135.37,0,0,0.36666666666666664
1746061195.31,0,0,0.36666666666666664
1746061255.32,0,0,0.36666666666666664
1746061315.38,0,0,0.36666666666666664
1746061375.32,0,0,0.36666666666666664
1746061435.35,0,0,0.36666666666666664
1746061495.32,0,0,0.36666666666666664
1746061555.32,0,0,0.36666666666666664
1746061615.32,0,0,0.36666666666666664
1746061675.35,0,0,0.36666666666666664
1746061735.36,0,0,0.36666666666666664
1746061795.33,0,0,0.36666666666666664
1746061855.32,0,0,0.36666666666666664
1746061915.33,0,0,0.36666666666666664
1746061975.33,0,0,0.36666666666666664
1746062035.37,0,0,0.36666666666666664
1746062095.32,0,0,0.36666666666666664
1746062155.32,0,0,0.36666666666666664
1746062215.33,0,0,0.36666666666666664
1746062275.32,0,0,0.36666666666666664
1746062335.32,0,0,0.36666666666666664
1746062395.36,0,0,0.36666666666666664
1746062455.33,0,0,0.36666666666666664
1746062515.32,0,0,0.36666666666666664
1746062575.32,0,0,0.36666666666666664
1746062635.33,0,0,0.36666666666666664
1746062695.38,0,0,0.36666666666666664
1746062755.33,0,0,0.36666666666666664
1746062815.31,0,0,0.36666666666666664
1746062875.32,0,0,0.36666666666666664
1746062935.32,0,0,0.36666666666666664
1746062995.32,0,0,0.36666666666666664
1746063055.32,0,0,0.36666666666666664
1746063115.34,0,0,0.36666666666666664
1746063175.32,0,0,0.36666666666666664
1746063235.33,0,0,0.36666666666666664
1746063295.33,0,0,0.36666666666666664
1746063355.37,0,0,0.36666666666666664
1746063415.32,0,0,0.36666666666666664
1746063475.33,0,0,0.36666666666666664
1746063535.33,0,0,0.36666666666666664
1746063595.31,0,0,0.36666666666666664
1746063655.34,0,0,0.36666666666666664
1746063715.31,0,0,0.36666666666666664
1746063775.31,0,0,0.36666666666666664
1746063835.31,0,0,0.36666666666666664
1746063895.33,0,0,0.36666666666666664
1746063955.36,0,0,0.36666666666666664
1746064015.31,0,0,0.36666666666666664
1746064075.32,0,0,0.36666666666666664
1746064135.37,0,0,0.36666666666666664
1746064195.32,0,0,0.36666666666666664
1746064255.36,0,0,0.36666666666666664
1746064315.33,0,0,0.36666666666666664
1746064375.33,0,0,0.36666666666666664
1746064435.33,0,0,0.36666666666666664
1746064495.33,0,0,0.36666666666666664
1746064555.33,0,0,0.36666666666666664
1746064615.33,0,0,0.36666666666666664
1746064675.33,0,0,0.36666666666666664
1746064735.37,0,0,0.36666666666666664
1746064795.32,0,0,0.36666666666666664
1746064855.33,0,0,0.36666666666666664
1746064915.32,0,0,0.36666666666666664
1746064975.32,0,0,0.36666666666666664
1746065035.33,0,0,0.36666666666666664
1746065095.31,0,0,0.36666666666666664
1746065155.36,0,0,0.36666666666666664
1746065215.31,0,0,0.36666666666666664
1746065275.33,0,0,0.36666666666666664
1746065335.33,0,0,0.36666666666666664
1746065395.35,0,0,0.36666666666666664
1746065455.36,0,0,0.36666666666666664
1746065515.33,0,0,0.36666666666666664
1746065575.31,0,0,0.36666666666666664
1746065635.31,0,0,0.36666666666666664
1746065695.33,0,0,0.36666666666666664
1746065755.34,0,0,0.36666666666666664
1746065815.32,0,0,0.36666666666666664
1746065875.35,0,0,0.36666666666666664
1746065935.34,0,0,0.36666666666666664
1746065995.32,0,0,0.36666666666666664
1746066055.31,0,0,0.36666666666666664
1746066115.33,0,0,0.36666666666666664
1746066175.35,0,0,0.36666666666666664
1746066235.31,0,0,0.36666666666666664
1746066295.32,0,0,0.36666666666666664
1746066355.32,0,0,0.36666666666666664
1746066415.37,0,0,0.36666666666666664
1746066475.33,0,0,0.36666666666666664
1746066535.32,0,0,0.36666666666666664
1746066595.33,0,0,0.36666666666666664
1746066655.35,0,0,0.36666666666666664
1746066715.37,0,0,0.36666666666666664
1746066775.32,0,0,0.36666666666666664
1746066835.32,0,0,0.36666666666666664
1746066895.31,0,0,0.36666666666666664
1746066955.32,0,0,0.36666666666666664
1746067015.33,0,0,0.36666666666666664
1746067075.37,0,0,0.36666666666666664
1746067135.32,0,0,0.36666666666666664
1746067195.32,0,0,0.36666666666666664
1746067255.33,0,0,0.36666666666666664
1746067315.32,0,0,0.36666666666666664
1746067375.31,0,0,0.36666666666666664
1746067435.32,0,0,0.36666666666666664
1746067495.37,0,0,0.36666666666666664
1746067555.32,0,0,0.36666666666666664
1746067615.31,0,0,0.36666666666666664
1746067675.32,0,0,0.36666666666666664
1746067735.36,0,0,0.36666666666666664
1746067795.33,0,0,0.36666666666666664
1746067855.32,0,0,0.36666666666666664
1746067915.37,0,0,0.36666666666666664
1746067975.33,0,0,0.36666666666666664
1746068035.31,0,0,0.36666666666666664
1746068095.32,0,0,0.36666666666666664
1746068155.32,0,0,0.36666666666666664
1746068215.32,0,0,0.36666666666666664
1746068275.32,0,0,0.36666666666666664
1746068335.34,0,0,0.36666666666666664
1746068395.32,0,0,0.36666666666666664
1746068455.35,0,0,0.36666666666666664
1746068515.33,0,0,0.36666666666666664
1746068575.33,0,0,0.36666666666666664
1746068635.32,0,0,0.36666666666666664
1746068695.33,0,0,0.36666666666666664
1746068755.33,0,0,0.36666666666666664
1746068815.32,0,0,0.36666666666666664
1746068875.33,0,0,0.36666666666666664
1746068935.33,0,0,0.36666666666666664
1746068995.33,0,0,0.36666666666666664
1746069055.33,0,0,0.36666666666666664
1746069115.37,0,0,0.36666666666666664
1746069175.31,0,0,0.36666666666666664
1746069235.32,0,0,0.36666666666666664
1746069295.32,0,0,0.36666666666666664
1746069355.33,0,0,0.36666666666666664
1746069415.38,0,0,0.36666666666666664
1746069475.31,0,0,0.36666666666666664
1746069535.33,0,0,0.36666666666666664
1746069595.31,0,0,0.36666666666666664
1746069655.33,0,0,0.36666666666666664
1746069715.33,0,0,0.36666666666666664
1746069775.33,0,0,0.36666666666666664
1746069835.33,0,0,0.36666666666666664
1746069895.32,0,0,0.36666666666666664
1746069955.32,0,0,0.36666666666666664
1746070015.33,0,0,0.36666666666666664
1746070075.38,0,0,0.36666666666666664
1746070135.37,0,0,0.36666666666666664
1746070195.37,0,0,0.36666666666666664
1746070255.37,0,0,0.36666666666666664
1746070315.32,0,0,0.36666666666666664
1746070375.37,0,0,0.36666666666666664
1746070435.37,0,0,0.36666666666666664
1746070495.34,0,0,0.36666666666666664
1746070555.38,0,0,0.36666666666666664
1746070615.35,0,0,0.36666666666666664
1746070675.32,0,0,0.36666666666666664
1746070735.32,0,0,0.36666666666666664
1746070795.34,0,0,0.36666666666666664
1746070855.31,0,0,0.36666666666666664
1746070915.32,0,0,0.36666666666666664
1746070975.33,0,0,0.36666666666666664
1746071035.33,0,0,0.36666666666666664
1746071095.33,0,0,0.36666666666666664
1746071155.32,0,0,0.36666666666666664
1746071215.37,0,0,0.36666666666666664
1746071275.32,0,0,0.36666666666666664
1746071335.37,0,0,0.36666666666666664
1746071395.37,0,0,0.36666666666666664
1746071455.37,0,0,0.36666666666666664
1746071515.32,0,0,0.36666666666666664
1746071575.37,0,0,0.36666666666666664
1746071635.38,0,0,0.36666666666666664
1746071695.34,0,0,0.36666666666666664
1746071755.35,0,0,0.36666666666666664
1746071815.36,0,0,0.36666666666666664
1746071875.38,0,0,0.36666666666666664
1746071935.37,0,0,0.36666666666666664
1746071995.32,0,0,0.36666666666666664
1746072055.35,0,0,0.36666666666666664
1746072115.32,0,0,0.36666666666666664
1746072175.31,0,0,0.36666666666666664
1746072235.31,0,0,0.36666666666666664
1746072295.33,0,0,0.36666666666666664
1746072355.32,0,0,0.36666666666666664
1746072415.35,0,0,0.36666666666666664
1746072475.36,0,0,0.36666666666666664
1746072535.35,0,0,0.36666666666666664
1746072595.34,0,0,0.36666666666666664
1746072655.38,0,0,0.36666666666666664
1746072715.31,0,0,0.36666666666666664
1746072775.32,0,0,0.36666666666666664
1746072835.35,0,0,0.36666666666666664
1746072895.31,0,0,0.36666666666666664
1746072955.32,0,0,0.36666666666666664
1746073015.38,0,0,0.36666666666666664
1746073075.32,0,0,0.36666666666666664
1746073135.33,0,0,0.36666666666666664
1746073195.35,0,0,0.36666666666666664
1746073255.37,0,0,0.36666666666666664
1746073315.37,0,0,0.36666666666666664
1746073375.37,0,0,0.36666666666666664
1746073435.35,0,0,0.36666666666666664
1746073495.39,0,0,0.36666666666666664
1746073555.37,0,0,0.36666666666666664
1746073615.33,0,0,0.36666666666666664
1746073675.31,0,0,0.36666666666666664
1746073735.32,0,0,0.36666666666666664
1746073795.32,0,0,0.36666666666666664
1746073855.32,0,0,0.36666666666666664
1746073915.32,0,0,0.36666666666666664
1746073975.35,0,0,0.36666666666666664
1746074035.37,0,0,0.36666666666666664
1746074095.33,0,0,0.36666666666666664
1746074155.37,0,0,0.36666666666666664
1746074215.35,0,0,0.36666666666666664
1746074275.37,0,0,0.36666666666666664
1746074335.33,0,0,0.36666666666666664
1746074395.32,0,0,0.36666666666666664
1746074455.33,0,0,0.36666666666666664
1746074515.32,0,0,0.36666666666666664
1746074575.37,0,0,0.36666666666666664
1746074635.32,0,0,0.36666666666666664
1746074695.33,0,0,0.36666666666666664
1746074755.33,0,0,0.36666666666666664
1746074815.32,0,0,0.36666666666666664
1746074875.31,0,0,0.36666666666666664
1746074935.31,0,0,0.36666666666666664
1746074995.31,0,0,0.36666666666666664
1746075055.34,0,0,0.36666666666666664
1746075115.33,0,0,0.36666666666666664
1746075175.36,0,0,0.36666666666666664
1746075235.37,0,0,0.36666666666666664
1746075295.4,0,0,0.36666666666666664
1746075355.38,0,0,0.36666666666666664
1746075415.31,0,0,0.36666666666666664
1746075475.32,0,0,0.36666666666666664
1746075535.37,0,0,0.36666666666666664
1746075595.32,0,0,0.36666666666666664
1746075655.37,0,0,0.36666666666666664
1746075715.31,0,0,0.36666666666666664
1746075775.37,0,0,0.36666666666666664
1746075835.37,0,0,0.36666666666666664
1746075895.31,0,0,0.36666666666666664
1746075955.37,0,0,0.36666666666666664
1746076015.33,0,0,0.36666666666666664
1746076075.32,0,0,0.36666666666666664
1746076135.32,0,0,0.36666666666666664
1746076195.36,0,0,0.36666666666666664
1746076255.36,0,0,0.36666666666666664
1746076315.35,0,0,0.36666666666666664
1746076375.36,0,0,0.36666666666666664
1746076435.38,0,0,0.36666666666666664
1746076495.37,0,0,0.36666666666666664
1746076555.37,0,0,0.36666666666666664
1746076615.36,0,0,0.36666666666666664
1746076675.35,0,0,0.36666666666666664
1746076735.36,0,0,0.36666666666666664
1746076795.32,0,0,0.36666666666666664
1746076855.37,0,0,0.36666666666666664
1746076915.36,0,0,0.36666666666666664
1746076975.38,0,0,0.36666666666666664
1746077035.34,0,0,0.36666666666666664
1746077095.33,0,0,0.36666666666666664
1746077155.34,0,0,0.36666666666666664
1746077215.32,0,0,0.36666666666666664
1746077275.33,0,0,0.36666666666666664
1746077335.34,0,0,0.36666666666666664
1746077395.38,0,0,0.36666666666666664
1746077455.33,0,0,0.36666666666666664
1746077515.34,0,0,0.36666666666666664
1746077575.34,0,0,0.36666666666666664
1746077635.37,0,0,0.36666666666666664
1746077695.35,0,0,0.36666666666666664
1746077755.33,0,0,0.36666666666666664
1746077815.34,0,0,0.36666666666666664
1746077875.34,0,0,0.36666666666666664
1746077935.32,0,0,0.36666666666666664
1746077995.37,0,0,0.36666666666666664
1746078055.32,0,0,0.36666666666666664
1746078115.34,0,0,0.36666666666666664
1746078175.34,0,0,0.36666666666666664
1746078235.33,0,0,0.36666666666666664
1746078295.32,0,0,0.36666666666666664
1746078355.31,0,0,0.36666666666666664
1746078415.38,0,0,0.36666666666666664
1746078475.36,0,0,0.36666666666666664
1746078535.37,0,0,0.36666666666666664
1746078595.37,0,0,0.36666666666666664
1746078655.33,0,0,0.36666666666666664
1746078715.33,0,0,0.36666666666666664
1746078775.33,0,0,0.36666666666666664
1746078835.34,0,0,0.36666666666666664
1746078895.38,0,0,0.36666666666666664
1746078955.33,0,0,0.36666666666666664
1746079015.35,0,0,0.36666666666666664
1746079075.33,0,0,0.36666666666666664
1746079135.33,0,0,0.36666666666666664
1746079195.34,0,0,0.36666666666666664
1746079255.38,0,0,0.36666666666666664
1746079315.35,0,0,0.36666666666666664
1746079375.39,0,0,0.36666666666666664
1746079435.34,0,0,0.36666666666666664
1746079495.32,0,0,0.36666666666666664
1746079555.34,0,0,0.36666666666666664
1746079615.38,0,0,0.36666666666666664
1746079675.33,0,0,0.36666666666666664
1746079735.34,0,0,0.36666666666666664
1746079795.32,0,0,0.36666666666666664
1746079855.37,0,0,0.36666666666666664
1746079915.33,0,0,0.36666666666666664
1746079975.31,0,0,0.36666666666666664
1746080035.37,0,0,0.36666666666666664
1746080095.32,0,0,0.36666666666666664
1746080155.32,0,0,0.36666666666666664
1746080215.34,0,0,0.36666666666666664
1746080275.39,0,0,0.36666666666666664
1746080335.36,0,0,0.36666666666666664
1746080395.42,0,0,0.36666666666666664
1746080455.37,0,0,0.36666666666666664
1746080515.37,0,0,0.36666666666666664
1746080575.31,0,0,0.36666666666666664
1746080635.37,0,0,0.36666666666666664
1746080695.35,0,0,0.36666666666666664
1746080755.34,0,0,0.36666666666666664
1746080815.32,0,0,0.36666666666666664
1746080875.35,0,0,0.36666666666666664
1746080935.33,0,0,0.36666666666666664
1746080995.37,0,0,0.36666666666666664
1746081055.38,0,0,0.36666666666666664
1746081115.38,0,0,0.36666666666666664
1746081175.34,0,0,0.36666666666666664
1746081235.34,0,0,0.36666666666666664
1746081295.33,0,0,0.36666666666666664
1746081355.34,0,0,0.36666666666666664
1746081415.33,0,0,0.36666666666666664
1746081475.34,0,0,0.36666666666666664
1746081535.37,0,0,0.36666666666666664
1746081595.38,0,0,0.36666666666666664
1746081655.34,0,0,0.36666666666666664
1746081715.35,0,0,0.36666666666666664
1746081775.31,0,0,0.36666666666666664
1746081835.38,0,0,0.36666666666666664
1746081895.34,0,0,0.36666666666666664
1746081955.34,0,0,0.36666666666666664
1746082015.37,0,0,0.36666666666666664
1746082075.33,0,0,0.36666666666666664
1746082135.38,0,0,0.36666666666666664
1746082195.36,0,0,0.36666666666666664
1746082255.34,0,0,0.36666666666666664
1746082315.34,0,0,0.36666666666666664
1746082375.35,0,0,0.36666666666666664
1746082435.34,0,0,0.36666666666666664
1746082495.32,0,0,0.36666666666666664
1746082555.32,0,0,0.36666666666666664
1746082615.32,0,0,0.36666666666666664
1746082675.35,0,0,0.36666666666666664
1746082735.34,0,0,0.36666666666666664
1746082795.32,0,0,0.36666666666666664
1746082855.36,0,0,0.36666666666666664
1746082915.35,0,0,0.36666666666666664
1746082975.35,0,0,0.36666666666666664
1746083035.35,0,0,0.36666666666666664
1746083095.39,0,0,0.36666666666666664
1746083155.36,0,0,0.36666666666666664
1746083215.33,0,0,0.36666666666666664
1746083275.33,0,0,0.36666666666666664
1746083335.33,0,0,0.36666666666666664
1746083395.33,0,0,0.36666666666666664
1746083455.34,0,0,0.36666666666666664
1746083515.33,0,0,0.36666666666666664
1746083575.4,0,0,0.36666666666666664
1746083635.33,0,0,0.36666666666666664
1746083695.31,0,0,0.36666666666666664
1746083755.34,0,0,0.36666666666666664
1746083815.37,0,0,0.36666666666666664
1746083875.34,0,0,0.36666666666666664
1746083935.38,0,0,0.36666666666666664
1746083995.34,0,0,0.36666666666666664
1746084055.33,0,0,0.36666666666666664
1746084115.41,0,0,0.36666666666666664
1746084175.37,0,0,0.36666666666666664
1746084235.34,0,0,0.36666666666666664
1746084295.31,0,0,0.36666666666666664
1746084355.31,0,0,0.36666666666666664
1746084415.33,0,0,0.36666666666666664
1746084475.35,0,0,0.36666666666666664
1746084535.38,0,0,0.36666666666666664
1746084595.37,0,0,0.36666666666666664
1746084655.42,0,0,0.36666666666666664
1746084715.35,0,0,0.36666666666666664
1746084775.35,0,0,0.36666666666666664
1746084835.37,0,0,0.36666666666666664
1746084895.35,0,0,0.36666666666666664
1746084955.35,0,0,0.36666666666666664
1746085015.33,0,0,0.36666666666666664
1746085075.36,0,0,0.36666666666666664
1746085135.34,0,0,0.36666666666666664
1746085195.34,0,0,0.36666666666666664
1746085255.36,0,0,0.36666666666666664
1746085315.32,0,0,0.36666666666666664
1746085375.38,0,0,0.36666666666666664
1746085435.32,0,0,0.36666666666666664
1746085495.33,0,0,0.36666666666666664
1746085555.32,0,0,0.36666666666666664
1746085615.34,0,0,0.36666666666666664
1746085675.34,0,0,0.36666666666666664
1746085735.38,0,0,0.36666666666666664
1746085795.33,0,0,0.36666666666666664
1746085855.34,0,0,0.36666666666666664
1746085915.34,0,0,0.36666666666666664
1746085975.33,0,0,0.36666666666666664
1746086035.33,0,0,0.36666666666666664
1746086095.37,0,0,0.36666666666666664
1746086155.35,0,0,0.36666666666666664
1746086215.33,0,0,0.36666666666666664
1746086275.35,0,0,0.36666666666666664
1746086335.38,0,0,0.36666666666666664
1746086395.39,0,0,0.36666666666666664
1746086455.33,0,0,0.36666666666666664
1746086515.37,0,0,0.36666666666666664
1746086575.33,0,0,0.36666666666666664
1746086635.33,0,0,0.36666666666666664
1746086695.37,0,0,0.36666666666666664
1746086755.33,0,0,0.36666666666666664
1746086815.34,0,0,0.36666666666666664
1746086875.33,0,0,0.36666666666666664
1746086935.35,0,0,0.36666666666666664
1746086995.36,0,0,0.36666666666666664
1746087055.36,0,0,0.36666666666666664
1746087115.32,0,0,0.36666666666666664
1746087175.38,0,0,0.36666666666666664
1746087235.39,0,0,0.36666666666666664
1746087295.33,0,0,0.36666666666666664
1746087355.34,0,0,0.36666666666666664
1746087415.39,0,0,0.36666666666666664
1746087475.33,0,0,0.36666666666666664
1746087535.34,0,0,0.36666666666666664
1746087595.37,0,0,0.36666666666666664
1746087655.34,0,0,0.36666666666666664
1746087715.33,0,0,0.36666666666666664
1746087775.34,0,0,0.36666666666666664
1746087835.33,0,0,0.36666666666666664
1746087895.33,0,0,0.36666666666666664
1746087955.34,0,0,0.36666666666666664
1746088015.32,0,0,0.36666666666666664
1746088075.35,0,0,0.36666666666666664
1746088135.41,0,0,0.36666666666666664
1746088195.31,0,0,0.36666666666666664
1746088255.33,0,0,0.36666666666666664
1746088315.33,0,0,0.36666666666666664
1746088375.35,0,0,0.36666666666666664
1746088435.38,0,0,0.36666666666666664
1746088495.37,0,0,0.36666666666666664
1746088555.33,0,0,0.36666666666666664
1746088615.32,0,0,0.36666666666666664
1746088675.33,0,0,0.36666666666666664
1746088735.34,0,0,0.36666666666666664
1746088795.35,0,0,0.36666666666666664
1746088855.37,0,0,0.36666666666666664
1746088915.37,0,0,0.36666666666666664
1746088975.38,0,0,0.36666666666666664
1746089035.32,0,0,0.36666666666666664
1746089095.33,0,0,0.36666666666666664
1746089155.33,0,0,0.36666666666666664
1746089215.34,0,0,0.36666666666666664
1746089275.33,0,0,0.36666666666666664
1746089335.34,0,0,0.36666666666666664
1746089395.34,0,0,0.36666666666666664
1746089455.38,0,0,0.36666666666666664
1746089515.34,0,0,0.36666666666666664
1746089575.33,0,0,0.36666666666666664
1746089635.35,0,0,0.36666666666666664
1746089695.33,0,0,0.36666666666666664
1746089755.34,0,0,0.36666666666666664
1746089815.43,0,0,0.36666666666666664
1746089875.33,0,0,0.36666666666666664
1746089935.33,0,0,0.36666666666666664
1746089995.41,0,0,0.36666666666666664
1746090055.33,0,0,0.36666666666666664
1746090115.34,0,0,0.36666666666666664
1746090175.37,0,0,0.36666666666666664
1746090235.34,0,0,0.36666666666666664
1746090295.35,0,0,0.36666666666666664
1746090355.34,0,0,0.36666666666666664
1746090415.37,0,0,0.36666666666666664
1746090475.37,0,0,0.36666666666666664
1746090535.33,0,0,0.36666666666666664
1746090595.35,0,0,0.36666666666666664
1746090655.39,0,0,0.36666666666666664
1746090715.4,0,0,0.36666666666666664
1746090775.35,0,0,0.36666666666666664
1746090835.34,0,0,0.36666666666666664
1746090895.34,0,0,0.36666666666666664
1746090955.34,0,0,0.36666666666666664
1746091015.34,0,0,0.36666666666666664
1746091075.34,0,0,0.36666666666666664
1746091135.33,0,0,0.36666666666666664
1746091195.33,0,0,0.36666666666666664
1746091255.34,0,0,0.36666666666666664
1746091315.34,0,0,0.36666666666666664
1746091375.35,0,0,0.36666666666666664
1746091435.36,0,0,0.36666666666666664
1746091495.38,0,0,0.36666666666666664
1746091555.33,0,0,0.36666666666666664
1746091615.37,0,0,0.36666666666666664
1746091675.33,0,0,0.36666666666666664
1746091735.33,0,0,0.36666666666666664
1746091795.33,0,0,0.36666666666666664
1746091855.34,0,0,0.36666666666666664
1746091915.32,0,0,0.36666666666666664
1746091975.33,0,0,0.36666666666666664
1746092035.34,0,0,0.36666666666666664
1746092095.34,0,0,0.36666666666666664
1746092155.34,0,0,0.36666666666666664
1746092215.38,0,0,0.36666666666666664
1746092275.33,0,0,0.36666666666666664
1746092335.35,0,0,0.36666666666666664
1746092395.38,0,0,0.36666666666666664
1746092455.33,0,0,0.36666666666666664
1746092515.35,0,0,0.36666666666666664
1746092575.35,0,0,0.36666666666666664
1746092635.34,0,0,0.36666666666666664
1746092695.37,0,0,0.36666666666666664
1746092755.33,0,0,0.36666666666666664
1746092815.35,0,0,0.36666666666666664
1746092875.34,0,0,0.36666666666666664
1746092935.38,0,0,0.36666666666666664
1746092995.36,0,0,0.36666666666666664
1746093055.35,0,0,0.36666666666666664
1746093115.34,0,0,0.36666666666666664
1746093175.32,0,0,0.36666666666666664
1746093235.33,0,0,0.36666666666666664
1746093295.34,0,0,0.36666666666666664
1746093355.34,0,0,0.36666666666666664
1746093415.34,0,0,0.36666666666666664
1746093475.32,0,0,0.36666666666666664
1746093535.32,0,0,0.36666666666666664
1746093595.33,0,0,0.36666666666666664
1746093655.34,0,0,0.36666666666666664
1746093715.36,0,0,0.36666666666666664
1746093775.35,0,0,0.36666666666666664
1746093835.34,0,0,0.36666666666666664
1746093895.36,0,0,0.36666666666666664
1746093955.33,0,0,0.36666666666666664
1746094015.34,0,0,0.36666666666666664
1746094075.35,0,0,0.36666666666666664
1746094135.32,0,0,0.36666666666666664
1746094195.34,0,0,0.36666666666666664
1746094255.36,0,0,0.36666666666666664
1746094315.34,0,0,0.36666666666666664
1746094375.33,0,0,0.36666666666666664
1746094435.36,0,0,0.36666666666666664
1746094495.33,0,0,0.36666666666666664
1746094555.35,0,0,0.36666666666666664
1746094615.34,0,0,0.36666666666666664
1746094675.32,0,0,0.36666666666666664
1746094735.41,0,0,0.36666666666666664
1746094795.33,0,0,0.36666666666666664
1746094855.34,0,0,0.36666666666666664
1746094915.34,0,0,0.36666666666666664
1746094975.36,0,0,0.36666666666666664
1746095035.33,0,0,0.36666666666666664
1746095095.33,0,0,0.36666666666666664
1746095155.34,0,0,0.36666666666666664
1746095215.34,0,0,0.36666666666666664
1746095275.34,0,0,0.36666666666666664
1746095335.34,0,0,0.36666666666666664
1746095395.34,0,0,0.36666666666666664
1746095455.33,0,0,0.36666666666666664
1746095515.33,0,0,0.36666666666666664
1746095575.33,0,0,0.36666666666666664
1746095635.33,0,0,0.36666666666666664
1746095695.36,0,0,0.36666666666666664
1746095755.33,0,0,0.36666666666666664
1746095815.37,0,0,0.36666666666666664
1746095875.39,0,0,0.36666666666666664
1746095935.33,0,0,0.36666666666666664
1746095995.36,0,0,0.36666666666666664
1746096055.35,0,0,0.36666666666666664
1746096115.33,0,0,0.36666666666666664
1746096175.33,0,0,0.36666666666666664
1746096235.33,0,0,0.36666666666666664
1746096295.34,0,0,0.36666666666666664
1746096355.34,0,0,0.36666666666666664
1746096415.34,0,0,0.36666666666666664
1746096475.39,0,0,0.36666666666666664
1746096535.33,0,0,0.36666666666666664
1746096595.37,0,0,0.36666666666666664
1746096655.35,0,0,0.36666666666666664
1746096715.36,0,0,0.36666666666666664
1746096775.38,0,0,0.36666666666666664
1746096835.35,0,0,0.36666666666666664
1746096895.34,0,0,0.36666666666666664
1746096955.34,0,0,0.36666666666666664
1746097015.35,0,0,0.36666666666666664
1746097075.36,0,0,0.36666666666666664
1746097135.37,0,0,0.36666666666666664
1746097195.4,0,0,0.36666666666666664
1746097255.41,0,0,0.36666666666666664
1746097315.35,0,0,0.36666666666666664
1746097375.34,0,0,0.36666666666666664
1746097435.38,0,0,0.36666666666666664
1746097495.33,0,0,0.36666666666666664
1746097555.35,0,0,0.36666666666666664
1746097615.33,0,0,0.36666666666666664
1746097675.35,0,0,0.36666666666666664
1746097735.36,0,0,0.36666666666666664
1746097795.33,0,0,0.36666666666666664
1746097855.33,0,0,0.36666666666666664
1746097915.35,0,0,0.36666666666666664
1746097975.33,0,0,0.36666666666666664
1746098035.35,0,0,0.36666666666666664
1746098095.38,0,0,0.36666666666666664
1746098155.37,0,0,0.36666666666666664
1746098215.35,0,0,0.36666666666666664
1746098275.35,0,0,0.36666666666666664
1746098335.36,0,0,0.36666666666666664
1746098395.33,0,0,0.36666666666666664
1746098455.37,0,0,0.36666666666666664
1746098515.37,0,0,0.36666666666666664
1746098575.32,0,0,0.36666666666666664
1746098635.33,0,0,0.36666666666666664
1746098695.32,0,0,0.36666666666666664
1746098755.37,0,0,0.36666666666666664
1746098815.32,0,0,0.36666666666666664
1746098875.36,0,0,0.36666666666666664
1746098935.33,0,0,0.36666666666666664
1746098995.34,0,0,0.36666666666666664
1746099055.35,0,0,0.36666666666666664
1746099115.35,0,0,0.36666666666666664
1746099175.34,0,0,0.36666666666666664
1746099235.35,0,0,0.36666666666666664
1746099295.37,0,0,0.36666666666666664
1746099355.34,0,0,0.36666666666666664
1746099415.33,0,0,0.36666666666666664
1746099475.35,0,0,0.36666666666666664
1746099535.35,0,0,0.36666666666666664
1746099595.35,0,0,0.36666666666666664
1746099655.36,0,0,0.36666666666666664
1746099715.35,0,0,0.36666666666666664
1746099775.34,0,0,0.36666666666666664
1746099835.33,0,0,0.36666666666666664
1746099895.33,0,0,0.36666666666666664
1746099955.33,0,0,0.36666666666666664
1746100015.32,0,0,0.36666666666666664
1746100075.32,0,0,0.36666666666666664
1746100135.33,0,0,0.36666666666666664
1746100195.35,0,0,0.36666666666666664
1746100255.33,0,0,0.36666666666666664
1746100315.38,0,0,0.36666666666666664
1746100375.39,0,0,0.36666666666666664
1746100435.34,0,0,0.36666666666666664
1746100495.36,0,0,0.36666666666666664
1746100555.34,0,0,0.36666666666666664
1746100615.37,0,0,0.36666666666666664
1746100675.33,0,0,0.36666666666666664
1746100735.32,0,0,0.36666666666666664
1746100795.35,0,0,0.36666666666666664
1746100855.34,0,0,0.36666666666666664
1746100915.32,0,0,0.36666666666666664
1746100975.32,0,0,0.36666666666666664
1746101035.37,0,0,0.36666666666666664
1746101095.39,0,0,0.36666666666666664
1746101155.4,0,0,0.36666666666666664
1746101215.32,0,0,0.36666666666666664
1746101275.35,0,0,0.36666666666666664
1746101335.34,0,0,0.36666666666666664
1746101395.33,0,0,0.36666666666666664
1746101455.36,0,0,0.36666666666666664
1746101515.34,0,0,0.36666666666666664
1746101575.32,0,0,0.36666666666666664
1746101635.33,0,0,0.36666666666666664
1746101695.35,0,0,0.36666666666666664
1746101755.36,0,0,0.36666666666666664
1746101815.33,0,0,0.36666666666666664
1746101875.32,0,0,0.36666666666666664
1746101935.35,0,0,0.36666666666666664
1746101995.32,0,0,0.36666666666666664
1746102055.34,0,0,0.36666666666666664
1746102115.35,0,0,0.36666666666666664
1746102175.35,0,0,0.36666666666666664
1746102235.32,0,0,0.36666666666666664
1746102295.34,0,0,0.36666666666666664
1746102355.33,0,0,0.36666666666666664
1746102415.34,0,0,0.36666666666666664
1746102475.35,0,0,0.36666666666666664
1746102535.35,0,0,0.36666666666666664
1746102595.34,0,0,0.36666666666666664
1746102655.35,0,0,0.36666666666666664
1746102715.36,0,0,0.36666666666666664
1746102775.36,0,0,0.36666666666666664
1746102835.35,0,0,0.36666666666666664
1746102895.35,0,0,0.36666666666666664
1746102955.33,0,0,0.36666666666666664
1746103015.4,0,0,0.36666666666666664
1746103075.35,0,0,0.36666666666666664
1746103135.33,0,0,0.36666666666666664
1746103195.33,0,0,0.36666666666666664
1746103255.33,0,0,0.36666666666666664
1746103315.34,0,0,0.36666666666666664
1746103375.34,0,0,0.36666666666666664
1746103435.33,0,0,0.36666666666666664
1746103495.34,0,0,0.36666666666666664
1746103555.34,0,0,0.36666666666666664
1746103615.32,0,0,0.36666666666666664
1746103675.34,0,0,0.36666666666666664
1746103735.33,0,0,0.36666666666666664
1746103795.35,0,0,0.36666666666666664
1746103855.33,0,0,0.36666666666666664
1746103915.33,0,0,0.36666666666666664
1746103975.33,0,0,0.36666666666666664
1746104035.36,0,0,0.36666666666666664
1746104095.33,0,0,0.36666666666666664
1746104155.34,0,0,0.36666666666666664
1746104215.32,0,0,0.36666666666666664
1746104275.32,0,0,0.36666666666666664
1746104335.34,0,0,0.36666666666666664
1746104395.33,0,0,0.36666666666666664
1746104455.32,0,0,0.36666666666666664
1746104515.32,0,0,0.36666666666666664
1746104575.33,0,0,0.36666666666666664
1746104635.33,0,0,0.36666666666666664
1746104695.34,0,0,0.36666666666666664
1746104755.33,0,0,0.36666666666666664
1746104815.32,0,0,0.36666666666666664
1746104875.33,0,0,0.36666666666666664
1746104935.39,0,0,0.36666666666666664
1746104995.4,0,0,0.36666666666666664
1746105055.37,0,0,0.36666666666666664
1746105115.39,0,0,0.36666666666666664
1746105175.33,0,0,0.36666666666666664
1746105235.32,0,0,0.36666666666666664
1746105295.33,0,0,0.36666666666666664
1746105355.33,0,0,0.36666666666666664
1746105415.33,0,0,0.36666666666666664
1746105475.35,0,0,0.36666666666666664
1746105535.33,0,0,0.36666666666666664
1746105595.34,0,0,0.36666666666666664
1746105655.36,0,0,0.36666666666666664
1746105715.32,0,0,0.36666666666666664
1746105775.33,0,0,0.36666666666666664
1746105835.32,0,0,0.36666666666666664
1746105895.35,0,0,0.36666666666666664
1746105955.35,0,0,0.36666666666666664
1746106015.33,0,0,0.36666666666666664
1746106075.34,0,0,0.36666666666666664
1746106135.34,0,0,0.36666666666666664
1746106195.32,0,0,0.36666666666666664
1746106255.35,0,0,0.36666666666666664
1746106315.33,0,0,0.36666666666666664
1746106375.32,0,0,0.36666666666666664
1746106435.37,0,0,0.36666666666666664
1746106495.34,0,0,0.36666666666666664
1746106555.36,0,0,0.36666666666666664
1746106615.35,0,0,0.36666666666666664
1746106675.36,0,0,0.36666666666666664
1746106735.34,0,0,0.36666666666666664
1746106795.37,0,0,0.36666666666666664
1746106855.33,0,0,0.36666666666666664
1746106915.32,0,0,0.36666666666666664
1746106975.35,0,0,0.36666666666666664
1746107035.34,0,0,0.36666666666666664
1746107095.35,0,0,0.36666666666666664
1746107155.34,0,0,0.36666666666666664
1746107215.35,0,0,0.36666666666666664
1746107275.32,0,0,0.36666666666666664
1746107335.34,0,0,0.36666666666666664
1746107395.32,0,0,0.36666666666666664
1746107455.32,0,0,0.36666666666666664
1746107515.37,0,0,0.36666666666666664
1746107575.35,0,0,0.36666666666666664
1746107635.33,0,0,0.36666666666666664
1746107695.35,0,0,0.36666666666666664
1746107755.35,0,0,0.36666666666666664
1746107815.32,0,0,0.36666666666666664
1746107875.33,0,0,0.36666666666666664
1746107935.33,0,0,0.36666666666666664
1746107995.34,0,0,0.36666666666666664
1746108055.33,0,0,0.36666666666666664
1746108115.33,0,0,0.36666666666666664
1746108175.34,0,0,0.36666666666666664
1746108235.33,0,0,0.36666666666666664
1746108295.33,0,0,0.36666666666666664
1746108355.41,0,0,0.36666666666666664
1746108415.34,0,0,0.36666666666666664
1746108475.34,0,0,0.36666666666666664
1746108535.35,0,0,0.36666666666666664
1746108595.34,0,0,0.36666666666666664
1746108655.34,0,0,0.36666666666666664
1746108715.36,0,0,0.36666666666666664
1746108775.35,0,0,0.36666666666666664
1746108835.35,0,0,0.36666666666666664
1746108895.33,0,0,0.36666666666666664
1746108955.35,0,0,0.36666666666666664
1746109015.34,0,0,0.36666666666666664
1746109075.33,0,0,0.36666666666666664
1746109135.34,0,0,0.36666666666666664
1746109195.37,0,0,0.36666666666666664
1746109255.4,0,0,0.36666666666666664
1746109315.36,0,0,0.36666666666666664
1746109375.32,0,0,0.36666666666666664
1746109435.34,0,0,0.36666666666666664
1746109495.33,0,0,0.36666666666666664
1746109555.34,0,0,0.36666666666666664
1746109615.34,0,0,0.36666666666666664
1746109675.35,0,0,0.36666666666666664
1746109735.34,0,0,0.36666666666666664
1746109795.34,0,0,0.36666666666666664
1746109855.34,0,0,0.36666666666666664
1746109915.34,0,0,0.36666666666666664
1746109975.34,0,0,0.36666666666666664
1746110035.34,0,0,0.36666666666666664
1746110095.34,0,0,0.36666666666666664
1746110155.32,0,0,0.36666666666666664
1746110215.38,0,0,0.36666666666666664
1746110275.33,0,0,0.36666666666666664
1746110335.34,0,0,0.36666666666666664
1746110395.37,0,0,0.36666666666666664
1746110455.34,0,0,0.36666666666666664
1746110515.34,0,0,0.36666666666666664
1746110575.35,0,0,0.36666666666666664
1746110635.33,0,0,0.36666666666666664
1746110695.33,0,0,0.36666666666666664
1746110755.33,0,0,0.36666666666666664
1746110815.37,0,0,0.36666666666666664
1746110875.33,0,0,0.36666666666666664
1746110935.34,0,0,0.36666666666666664
1746110995.35,0,0,0.36666666666666664
1746111055.33,0,0,0.36666666666666664
1746111115.33,0,0,0.36666666666666664
1746111175.32,0,0,0.36666666666666664
1746111235.33,0,0,0.36666666666666664
1746111295.35,0,0,0.36666666666666664
1746111355.33,0,0,0.36666666666666664
1746111415.33,0,0,0.36666666666666664
1746111475.34,0,0,0.36666666666666664
1746111535.34,0,0,0.36666666666666664
1746111595.32,0,0,0.36666666666666664
1746111655.36,0,0,0.36666666666666664
1746111715.32,0,0,0.36666666666666664
1746111775.36,0,0,0.36666666666666664
1746111835.32,0,0,0.36666666666666664
1746111895.34,0,0,0.36666666666666664
1746111955.33,0,0,0.36666666666666664
1746112015.33,0,0,0.36666666666666664
1746112075.35,0,0,0.36666666666666664
1746112135.34,0,0,0.36666666666666664
1746112195.36,0,0,0.36666666666666664
1746112255.36,0,0,0.36666666666666664
1746112315.33,0,0,0.36666666666666664
1746112375.33,0,0,0.36666666666666664
1746112435.33,0,0,0.36666666666666664
1746112495.33,0,0,0.36666666666666664
1746112555.33,0,0,0.36666666666666664
1746112615.34,0,0,0.36666666666666664
1746112675.32,0,0,0.36666666666666664
1746112735.34,0,0,0.36666666666666664
1746112795.33,0,0,0.36666666666666664
1746112855.34,0,0,0.36666666666666664
1746112915.33,0,0,0.36666666666666664
1746112975.32,0,0,0.36666666666666664
1746113035.34,0,0,0.36666666666666664
1746113095.34,0,0,0.36666666666666664
1746113155.32,0,0,0.36666666666666664
1746113215.33,0,0,0.36666666666666664
1746113275.37,0,0,0.36666666666666664
1746113335.34,0,0,0.36666666666666664
1746113395.37,0,0,0.36666666666666664
1746113455.34,0,0,0.36666666666666664
1746113515.33,0,0,0.36666666666666664
1746113575.34,0,0,0.36666666666666664
1746113635.34,0,0,0.36666666666666664
1746113695.34,0,0,0.36666666666666664
1746113755.33,0,0,0.36666666666666664
1746113815.34,0,0,0.36666666666666664
1746113875.33,0,0,0.36666666666666664
1746113935.34,0,0,0.36666666666666664
1746113995.32,0,0,0.36666666666666664
1746114055.35,0,0,0.36666666666666664
1746114115.32,0,0,0.36666666666666664
1746114175.35,0,0,0.36666666666666664
1746114235.34,0,0,0.36666666666666664
1746114295.35,0,0,0.36666666666666664
1746114355.35,0,0,0.36666666666666664
1746114415.36,0,0,0.36666666666666664
1746114475.32,0,0,0.36666666666666664
1746114535.33,0,0,0.36666666666666664
1746114595.34,0,0,0.36666666666666664
1746114655.36,0,0,0.36666666666666664
1746114715.33,0,0,0.36666666666666664
1746114775.34,0,0,0.36666666666666664
1746114835.34,0,0,0.36666666666666664
1746114895.32,0,0,0.36666666666666664
1746114955.34,0,0,0.36666666666666664
1746115015.32,0,0,0.36666666666666664
1746115075.34,0,0,0.36666666666666664
1746115135.32,0,0,0.36666666666666664
1746115195.34,0,0,0.36666666666666664
1746115255.32,0,0,0.36666666666666664
1746115315.34,0,0,0.36666666666666664
1746115375.33,0,0,0.36666666666666664
1746115435.33,0,0,0.36666666666666664
1746115495.33,0,0,0.36666666666666664
1746115555.34,0,0,0.36666666666666664
1746115615.32,0,0,0.36666666666666664
1746115675.32,0,0,0.36666666666666664
1746115735.37,0,0,0.36666666666666664
1746115795.32,0,0,0.36666666666666664
1746115855.33,0,0,0.36666666666666664
1746115915.34,0,0,0.36666666666666664
1746115975.35,0,0,0.36666666666666664
1746116035.35,0,0,0.36666666666666664
1746116095.39,0,0,0.36666666666666664
1746116155.33,0,0,0.36666666666666664
1746116215.33,0,0,0.36666666666666664
1746116275.34,0,0,0.36666666666666664
1746116335.33,0,0,0.36666666666666664
1746116395.33,0,0,0.36666666666666664
1746116455.36,0,0,0.36666666666666664
1746116515.35,0,0,0.36666666666666664
1746116575.33,0,0,0.36666666666666664
1746116635.32,0,0,0.36666666666666664
1746116695.32,0,0,0.36666666666666664
1746116755.32,0,0,0.36666666666666664
1746116815.33,0,0,0.36666666666666664
1746116875.37,0,0,0.36666666666666664
1746116935.34,0,0,0.36666666666666664
1746116995.38,0,0,0.36666666666666664
1746117055.35,0,0,0.36666666666666664
1746117115.32,0,0,0.36666666666666664
1746117175.34,0,0,0.36666666666666664
1746117235.37,0,0,0.36666666666666664
1746117295.4,0,0,0.36666666666666664
1746117355.39,0,0,0.36666666666666664
1746117415.35,0,0,0.36666666666666664
1746117475.35,0,0,0.36666666666666664
1746117535.38,0,0,0.36666666666666664
1746117595.35,0,0,0.36666666666666664
1746117655.37,0,0,0.36666666666666664
1746117715.33,0,0,0.36666666666666664
1746117775.35,0,0,0.36666666666666664
1746117835.33,0,0,0.36666666666666664
1746117895.33,0,0,0.36666666666666664
1746117955.34,0,0,0.36666666666666664
1746118015.33,0,0,0.36666666666666664
1746118075.32,0,0,0.36666666666666664
1746118135.33,0,0,0.36666666666666664
1746118195.33,0,0,0.36666666666666664
1746118255.35,0,0,0.36666666666666664
1746118315.32,0,0,0.36666666666666664
1746118375.33,0,0,0.36666666666666664
1746118435.36,0,0,0.36666666666666664
1746118495.32,0,0,0.36666666666666664
1746118555.33,0,0,0.36666666666666664
1746118615.33,0,0,0.36666666666666664
1746118675.33,0,0,0.36666666666666664
1746118735.32,0,0,0.36666666666666664
1746118795.32,0,0,0.36666666666666664
1746118855.35,0,0,0.36666666666666664
1746118915.35,0,0,0.36666666666666664
1746118975.34,0,0,0.36666666666666664
1746119035.33,0,0,0.36666666666666664
1746119095.32,0,0,0.36666666666666664
1746119155.34,0,0,0.36666666666666664
1746119215.35,0,0,0.36666666666666664
1746119275.34,0,0,0.36666666666666664
1746119335.32,0,0,0.36666666666666664
1746119395.33,0,0,0.36666666666666664
1746119455.32,0,0,0.36666666666666664
1746119515.34,0,0,0.36666666666666664
1746119575.34,0,0,0.36666666666666664
1746119635.33,0,0,0.36666666666666664
1746119695.35,0,0,0.36666666666666664
1746119755.35,0,0,0.36666666666666664
1746119815.34,0,0,0.36666666666666664
1746119875.33,0,0,0.36666666666666664
1746119935.32,0,0,0.36666666666666664
1746119995.35,0,0,0.36666666666666664
1746120055.32,0,0,0.36666666666666664
1746120115.33,0,0,0.36666666666666664
1746120175.35,0,0,0.36666666666666664
1746120235.35,0,0,0.36666666666666664
1746120295.32,0,0,0.36666666666666664
1746120355.36,0,0,0.36666666666666664
1746120415.33,0,0,0.36666666666666664
1746120475.33,0,0,0.36666666666666664
1746120535.33,0,0,0.36666666666666664
1746120595.33,0,0,0.36666666666666664
1746120655.32,0,0,0.36666666666666664
1746120715.33,0,0,0.36666666666666664
1746120775.33,0,0,0.36666666666666664
1746120835.34,0,0,0.36666666666666664
1746120895.35,0,0,0.36666666666666664
1746120955.32,0,0,0.36666666666666664
1746121015.34,0,0,0.36666666666666664
1746121075.33,0,0,0.36666666666666664
1746121135.33,0,0,0.36666666666666664
1746121195.35,0,0,0.36666666666666664
1746121255.33,0,0,0.36666666666666664
1746121315.33,0,0,0.36666666666666664
1746121375.32,0,0,0.36666666666666664
1746121435.32,0,0,0.36666666666666664
1746121495.36,0,0,0.36666666666666664
1746121555.37,0,0,0.36666666666666664
1746121615.35,0,0,0.36666666666666664
1746121675.35,0,0,0.36666666666666664
1746121735.35,0,0,0.36666666666666664
1746121795.37,0,0,0.36666666666666664
1746121855.32,0,0,0.36666666666666664
1746121915.36,0,0,0.36666666666666664
1746121975.32,0,0,0.36666666666666664
1746122035.36,0,0,0.36666666666666664
1746122095.32,0,0,0.36666666666666664
1746122155.34,0,0,0.36666666666666664
1746122215.35,0,0,0.36666666666666664
1746122275.36,0,0,0.36666666666666664
1746122335.33,0,0,0.36666666666666664
1746122395.38,0,0,0.36666666666666664
1746122455.37,0,0,0.36666666666666664
1746122515.33,0,0,0.36666666666666664
1746122575.34,0,0,0.36666666666666664
1746122635.33,0,0,0.36666666666666664
1746122695.34,0,0,0.36666666666666664
1746122755.34,0,0,0.36666666666666664
1746122815.37,0,0,0.36666666666666664
1746122875.33,0,0,0.36666666666666664
1746122935.34,0,0,0.36666666666666664
1746122995.35,0,0,0.36666666666666664
1746123055.35,0,0,0.36666666666666664
1746123115.35,0,0,0.36666666666666664
1746123175.35,0,0,0.36666666666666664
1746123235.33,0,0,0.36666666666666664
1746123295.33,0,0,0.36666666666666664
1746123355.35,0,0,0.36666666666666664
1746123415.33,0,0,0.36666666666666664
1746123475.33,0,0,0.36666666666666664
1746123535.34,0,0,0.36666666666666664
1746123595.43,0,0,0.36666666666666664
1746123655.33,0,0,0.36666666666666664
1746123715.33,0,0,0.36666666666666664
1746123775.33,0,0,0.36666666666666664
1746123835.33,0,0,0.36666666666666664
1746123895.33,0,0,0.36666666666666664
1746123955.35,0,0,0.36666666666666664
1746124015.33,0,0,0.36666666666666664
1746124075.33,0,0,0.36666666666666664
1746124135.33,0,0,0.36666666666666664
1746124195.33,0,0,0.36666666666666664
1746124255.37,0,0,0.36666666666666664
1746124315.34,0,0,0.36666666666666664
1746124375.33,0,0,0.36666666666666664
1746124435.33,0,0,0.36666666666666664
1746124495.34,0,0,0.36666666666666664
1746124555.33,0,0,0.36666666666666664
1746124615.35,0,0,0.36666666666666664
1746124675.34,0,0,0.36666666666666664
1746124735.32,0,0,0.36666666666666664
1746124795.35,0,0,0.36666666666666664
1746124855.33,0,0,0.36666666666666664
1746124915.37,0,0,0.36666666666666664
1746124975.32,0,0,0.36666666666666664
1746125035.34,0,0,0.36666666666666664
1746125095.32,0,0,0.36666666666666664
1746125155.32,0,0,0.36666666666666664
1746125215.37,0,0,0.36666666666666664
1746125275.33,0,0,0.36666666666666664
1746125335.36,0,0,0.36666666666666664
1746125395.39,0,0,0.36666666666666664
1746125455.38,0,0,0.36666666666666664
1746125515.34,0,0,0.36666666666666664
1746125575.34,0,0,0.36666666666666664
1746125635.33,0,0,0.36666666666666664
1746125695.35,0,0,0.36666666666666664
1746125755.33,0,0,0.36666666666666664
1746125815.33,0,0,0.36666666666666664
1746125875.36,0,0,0.36666666666666664
1746125935.32,0,0,0.36666666666666664
1746125995.34,0,0,0.36666666666666664
1746126055.33,0,0,0.36666666666666664
1746126115.41,0,0,0.36666666666666664
1746126175.33,0,0,0.36666666666666664
1746126235.37,0,0,0.36666666666666664
1746126295.35,0,0,0.36666666666666664
1746126355.33,0,0,0.36666666666666664
1746126415.34,0,0,0.36666666666666664
1746126475.36,0,0,0.36666666666666664
1746126535.37,0,0,0.36666666666666664
1746126595.35,0,0,0.36666666666666664
1746126655.37,0,0,0.36666666666666664
1746126715.33,0,0,0.36666666666666664
1746126775.33,0,0,0.36666666666666664
1746126835.37,0,0,0.36666666666666664
1746126895.33,0,0,0.36666666666666664
1746126955.33,0,0,0.36666666666666664
1746127015.34,0,0,0.36666666666666664
1746127075.32,0,0,0.36666666666666664
1746127135.32,0,0,0.36666666666666664
1746127195.33,0,0,0.36666666666666664
1746127255.33,0,0,0.36666666666666664
1746127315.32,0,0,0.36666666666666664
1746127375.32,0,0,0.36666666666666664
1746127435.35,0,0,0.36666666666666664
1746127495.32,0,0,0.36666666666666664
1746127555.37,0,0,0.36666666666666664
1746127615.34,0,0,0.36666666666666664
1746127675.35,0,0,0.36666666666666664
1746127735.35,0,0,0.36666666666666664
1746127795.33,0,0,0.36666666666666664
1746127855.33,0,0,0.36666666666666664
1746127915.33,0,0,0.36666666666666664
1746127975.34,0,0,0.36666666666666664
1746128035.35,0,0,0.36666666666666664
1746128095.33,0,0,0.36666666666666664
1746128155.36,0,0,0.36666666666666664
1746128215.32,0,0,0.36666666666666664
1746128275.34,0,0,0.36666666666666664
1746128335.34,0,0,0.36666666666666664
1746128395.36,0,0,0.36666666666666664
1746128455.34,0,0,0.36666666666666664
1746128515.37,0,0,0.36666666666666664
1746128575.32,0,0,0.36666666666666664
1746128635.33,0,0,0.36666666666666664
1746128695.33,0,0,0.36666666666666664
1746128755.33,0,0,0.36666666666666664
1746128815.35,0,0,0.36666666666666664
1746128875.34,0,0,0.36666666666666664
1746128935.33,0,0,0.36666666666666664
1746128995.35,0,0,0.36666666666666664
1746129055.36,0,0,0.36666666666666664
1746129115.32,0,0,0.36666666666666664
1746129175.36,0,0,0.36666666666666664
1746129235.33,0,0,0.36666666666666664
1746129295.37,0,0,0.36666666666666664
1746129355.37,0,0,0.36666666666666664
1746129415.42,0,0,0.36666666666666664
1746129475.33,0,0,0.36666666666666664
1746129535.33,0,0,0.36666666666666664
1746129595.33,0,0,0.36666666666666664
1746129655.34,0,0,0.36666666666666664
1746129715.33,0,0,0.36666666666666664
1746129775.35,0,0,0.36666666666666664
1746129835.35,0,0,0.36666666666666664
1746129895.39,0,0,0.36666666666666664
1746129955.39,0,0,0.36666666666666664
1746130015.33,0,0,0.36666666666666664
1746130075.33,0,0,0.36666666666666664
1746130135.38,0,0,0.36666666666666664
1746130195.34,0,0,0.36666666666666664
1746130255.33,0,0,0.36666666666666664
1746130315.34,0,0,0.36666666666666664
1746130375.32,0,0,0.36666666666666664
1746130435.33,0,0,0.36666666666666664
1746130495.36,0,0,0.36666666666666664
1746130555.33,0,0,0.36666666666666664
1746130615.37,0,0,0.36666666666666664
1746130675.4,0,0,0.36666666666666664
1746130735.34,0,0,0.36666666666666664
1746130795.33,0,0,0.36666666666666664
1746130855.33,0,0,0.36666666666666664
1746130915.35,0,0,0.36666666666666664
1746130975.33,0,0,0.36666666666666664
1746131035.33,0,0,0.36666666666666664
1746131095.35,0,0,0.36666666666666664
1746131155.33,0,0,0.36666666666666664
1746131215.33,0,0,0.36666666666666664
1746131275.34,0,0,0.36666666666666664
1746131335.35,0,0,0.36666666666666664
1746131395.32,0,0,0.36666666666666664
1746131455.35,0,0,0.36666666666666664
1746131515.32,0,0,0.36666666666666664
1746131575.33,0,0,0.36666666666666664
1746131635.35,0,0,0.36666666666666664
1746131695.35,0,0,0.36666666666666664
1746131755.35,0,0,0.36666666666666664
1746131815.33,0,0,0.36666666666666664
1746131875.33,0,0,0.36666666666666664
1746131935.33,0,0,0.36666666666666664
1746131995.35,0,0,0.36666666666666664
1746132055.34,0,0,0.36666666666666664
1746132115.33,0,0,0.36666666666666664
1746132175.33,0,0,0.36666666666666664
1746132235.33,0,0,0.36666666666666664
1746132295.33,0,0,0.36666666666666664
1746132355.34,0,0,0.36666666666666664
1746132415.33,0,0,0.36666666666666664
1746132475.33,0,0,0.36666666666666664
1746132535.37,0,0,0.36666666666666664
1746132595.33,0,0,0.36666666666666664
1746132655.35,0,0,0.36666666666666664
1746132715.33,0,0,0.36666666666666664
1746132775.38,0,0,0.36666666666666664
1746132835.38,0,0,0.36666666666666664
1746132895.33,0,0,0.36666666666666664
1746132955.37,0,0,0.36666666666666664
1746133015.34,0,0,0.36666666666666664
1746133075.33,0,0,0.36666666666666664
1746133135.35,0,0,0.36666666666666664
1746133195.32,0,0,0.36666666666666664
1746133255.33,0,0,0.36666666666666664
1746133315.38,0,0,0.36666666666666664
1746133375.38,0,0,0.36666666666666664
1746133435.38,0,0,0.36666666666666664
1746133495.38,0,0,0.36666666666666664
1746133555.36,0,0,0.36666666666666664
1746133615.35,0,0,0.36666666666666664
1746133675.35,0,0,0.36666666666666664
1746133735.37,0,0,0.36666666666666664
1746133795.32,0,0,0.36666666666666664
1746133855.36,0,0,0.36666666666666664
1746133915.33,0,0,0.36666666666666664
1746133975.35,0,0,0.36666666666666664
1746134035.33,0,0,0.36666666666666664
1746134095.33,0,0,0.36666666666666664
1746134155.35,0,0,0.36666666666666664
1746134215.34,0,0,0.36666666666666664
1746134275.34,0,0,0.36666666666666664
1746134335.34,0,0,0.36666666666666664
1746134395.37,0,0,0.36666666666666664
1746134455.34,0,0,0.36666666666666664
1746134515.32,0,0,0.36666666666666664
1746134575.37,0,0,0.36666666666666664
1746134635.34,0,0,0.36666666666666664
1746134695.33,0,0,0.36666666666666664
1746134755.35,0,0,0.36666666666666664
1746134815.33,0,0,0.36666666666666664
1746134875.32,0,0,0.36666666666666664
1746134935.35,0,0,0.36666666666666664
1746134995.33,0,0,0.36666666666666664
1746135055.34,0,0,0.36666666666666664
1746135115.34,0,0,0.36666666666666664
1746135175.33,0,0,0.36666666666666664
1746135235.34,0,0,0.36666666666666664
1746135295.33,0,0,0.36666666666666664
1746135355.34,0,0,0.36666666666666664
1746135415.34,0,0,0.36666666666666664
1746135475.33,0,0,0.36666666666666664
1746135535.33,0,0,0.36666666666666664
1746135595.33,0,0,0.36666666666666664
1746135655.33,0,0,0.36666666666666664
1746135715.35,0,0,0.36666666666666664
1746135775.34,0,0,0.36666666666666664
1746135835.36,0,0,0.36666666666666664
1746135895.34,0,0,0.36666666666666664
1746135955.32,0,0,0.36666666666666664
1746136015.34,0,0,0.36666666666666664
1746136075.32,0,0,0.36666666666666664
1746136135.31,0,0,0.36666666666666664
1746136195.34,0,0,0.36666666666666664
1746136255.37,0,0,0.36666666666666664
1746136315.33,0,0,0.36666666666666664
1746136375.37,0,0,0.36666666666666664
1746136435.32,0,0,0.36666666666666664
1746136495.34,0,0,0.36666666666666664
1746136555.32,0,0,0.36666666666666664
1746136615.32,0,0,0.36666666666666664
1746136675.32,0,0,0.36666666666666664
1746136735.33,0,0,0.36666666666666664
1746136795.33,0,0,0.36666666666666664
